10 16
12 14 8 10 0 10 13 6 1 17 14 3 2 8 10 5 5 6 6 11 11 11 4 4 7 3 15 17 9 8 3 2
13 13 1 14 5 19 3 4 7 3 12 15 6 9 11 20 2 11 14 3 4 12 0 1 15 1 8 13 10 18 9 13
7 4 12 18 2 18 11 12 1 12 0 5 14 10 9 13 10 19 5 9 3 10 13 17 8 19 4 4 6 1 15 17
8 9 6 11 12 6 3 7 14 7 10 12 13 4 9 11 7 1 11 16 2 6 4 11 0 14 15 13 1 13 5 19
14 5 11 12 12 20 8 4 0 14 7 10 10 18 9 4 1 10 6 1 4 11 2 8 5 19 15 16 13 12 3 4
5 2 9 14 2 18 14 11 7 5 12 12 1 5 10 11 8 3 13 1 15 1 4 12 3 8 0 4 11 15 6 17
12 17 10 20 11 12 8 20 1 6 2 6 15 3 7 1 4 11 0 13 5 12 3 14 13 8 14 9 6 6 9 5
10 10 9 6 14 15 7 7 5 15 1 18 15 19 2 1 12 13 11 1 8 9 13 7 6 2 3 14 4 1 0 8
13 1 6 13 14 7 11 5 4 12 7 17 1 20 3 2 0 4 8 18 10 17 15 6 9 7 2 19 5 16 12 2
14 10 1 16 3 18 8 15 2 10 7 16 0 7 13 7 10 13 5 17 11 9 12 19 6 2 4 11 9 17 15 20
